1.03
1.05
1.07
1.09
1.11
1.13
1.15
1.17
1.19
1.21
1.23
1.25
1.27
1.29
1.31
1.33
1.35
1.37
1.39
1.41
1.43
1.45
1.47
1.49
1.51
1.53
1.55
1.57
1.59
1.61
1.63
1.65
1.67
1.69
1.71
1.73
1.75
1.77
1.79
1.81
1.83
1.85
1.87
1.89
1.91
1.93
1.95
1.97
1.99
2.01
2.03
2.05
2.07
2.09
2.11
2.13
2.15
2.17
2.19
2.21
2.23
2.25
2.27
2.29
2.31
2.33
2.35
2.37
2.39
2.41
2.43
2.45
2.47
2.49
2.51
2.53
2.55
2.57
2.59
2.61
2.63
2.65
2.67
2.69
2.71
2.73
2.75
2.77
2.79
2.81
2.83
2.85
2.87
2.89
2.91
2.93
2.95
2.97
2.99
3.01
3.03
3.05
3.07
3.09
3.11
3.13
3.15
3.17
3.19
3.21
3.23
3.25
3.27
3.29
3.31
3.33
3.35
3.37
3.39
3.41
3.43
3.45
3.47
3.49
3.51
3.53
3.55
3.57
3.59
3.61
3.63
3.65
3.67
3.69
3.71
3.73
3.75
3.77
3.79
3.81
3.83
3.85
3.87
3.89
3.91
3.93
3.95
3.97
3.99
4.01
4.03
4.05
4.07
4.09
4.11
4.13
4.15
4.17
4.19
4.21
4.23
4.25
4.27
4.29
4.31
4.33
4.35
4.37
4.39
4.41
4.43
4.45
4.47
4.49
4.51
4.53
4.55
4.57
4.59
4.61
4.63
4.65
4.67
4.69
4.71
4.73
4.75
4.77
4.79
4.81
4.83
4.85
4.87
4.89
4.91
4.93
4.95
4.97
4.99
5.01
5.03
5.05
5.07
5.08
5.082
5.083
5.086
5.089
5.09
5.093
5.094
5.096
5.098
5.1
5.102
5.103
5.104
5.105
5.107
5.109
5.111
5.112
5.114
5.116
5.117
5.118
5.119
5.121
5.123
5.125
5.126
5.128
5.131
5.133
5.135
5.136
5.137
5.139
5.141
5.143
5.145
5.147
5.148
5.149
5.151
5.154
5.156
5.157
5.159
5.16
5.162
5.163
5.165
5.167
5.168
5.17
5.172
5.173
5.174
5.176
5.177
5.178
5.179
5.182
5.183
5.185
5.187
5.188
5.19
5.191
5.193
5.195
5.196
5.198
5.199
5.202
5.203
5.204
5.205
5.207
5.208
5.209
5.211
5.213
5.214
5.216
5.218
5.219
5.221
5.223
5.224
5.225
5.227
5.228
5.23
5.231
5.232
5.234
5.235
5.237
5.239
5.241
5.242
5.243
5.244
5.246
5.247
5.248
5.25
5.252
5.253
5.255
5.256
5.257
5.258
5.26
5.261
5.262
5.263
5.264
5.265
5.266
5.267
5.269
5.27
5.271
5.273
5.273
5.274
5.275
5.277
5.278
5.279
5.28
5.281
5.282
5.283
5.284
5.285
5.286
5.287
5.289
5.29
5.291
5.292
5.293
5.294
5.296
5.297
5.298
5.299
5.3
5.301
5.302
5.303
5.305
5.306
5.306
5.308
5.309
5.31
5.311
5.312
5.313
5.314
5.316
5.317
5.318
5.319
5.32
5.321
5.322
5.323
5.324
5.326
5.327
5.328
5.329
5.33
5.331
5.332
5.334
5.335
5.336
5.337
5.338
5.339
5.34
5.341
5.342
5.343
5.344
5.346
5.347
5.348
5.349
5.35
5.351
5.352
5.354
5.355
5.356
5.356
5.357
5.358
5.359
5.36
5.361
5.363
5.365
5.368
5.37
5.37
5.372
5.373
5.375
5.376
5.378
5.379
5.381
5.381
5.382
5.383
5.385
5.386
5.386
5.388
5.389
5.391
5.393
5.393
5.395
5.396
5.396
5.398
5.399
5.4
5.401
5.402
5.404
5.405
5.407
5.407
5.409
5.41
5.412
5.413
5.414
5.415
5.416
5.418
5.418
5.42
5.421
5.422
5.424
5.425
5.427
5.427
5.429
5.43
5.431
5.433
5.434
5.436
5.436
5.438
5.439
5.44
5.442
5.444
5.445
5.447
5.448
5.449
5.451
5.452
5.454
5.455
5.456
5.456
5.458
5.46
5.461
5.463
5.464
5.465
5.467
5.468
5.469
5.471
5.472
5.473
5.474
5.477
5.478
5.479
5.482
5.483
5.484
5.485
5.486
5.488
5.489
5.491
5.492
5.493
5.494
5.497
5.498
5.499
5.5
5.501
5.502
5.504
5.506
5.507
5.508
5.51
5.511
5.513
5.514
5.515
5.516
5.517
5.518
5.519
5.52
5.522
5.524
5.526
5.527
5.528
5.529
5.53
5.532
5.533
5.534
5.535
5.537
5.538
5.54
5.542
5.544
5.545
5.547
5.548
5.549
5.551
5.551
5.553
5.554
5.556
5.556
5.558
5.56
5.56
5.562
5.563
5.564
5.565
5.566
5.568
5.569
5.569
5.571
5.572
5.573
5.574
5.575
5.577
5.578
5.578
5.58
5.581
5.582
5.584
5.585
5.586
5.587
5.589
5.59
5.591
5.592
5.593
5.594
5.595
5.596
5.598
5.599
5.6
5.601
5.603
5.604
5.605
5.606
5.607
5.609
5.61
5.611
5.612
5.614
5.616
5.617
5.619
5.62
5.621
5.623
5.623
5.625
5.627
5.628
5.629
5.631
5.633
5.634
5.636
5.637
5.638
5.639
5.641
5.642
5.643
5.645
5.646
5.648
5.649
5.651
5.652
5.654
5.655
5.656
5.657
5.659
5.661
5.663
5.665
5.666
5.667
5.668
5.669
5.67
5.672
5.673
5.674
5.676
5.676
5.678
5.679
5.68
5.681
5.683
5.685
5.687
5.689
5.691
5.693
5.694
5.696
5.697
5.699
5.701
5.703
5.705
5.707
5.709
5.711
5.713
5.715
5.717
5.719
5.72
5.723
5.726
5.727
5.729
5.731
5.733
5.735
5.737
5.739
5.741
5.743
5.745
5.747
5.749
5.751
5.753
5.757
5.758
5.76
5.762
5.763
5.765
5.767
5.769
5.771
5.773
5.775
5.777
5.778
5.779
5.781
5.783
5.785
5.788
5.789
5.791
5.793
5.794
5.797
5.798
5.799
5.802
5.803
5.804
5.807
5.809
5.811
5.813
5.816
5.818
5.819
5.822
5.823
5.824
5.827
5.829
5.831
5.833
5.834
5.836
5.839
5.84
5.843
5.846
5.848
5.85
5.852
5.853
5.855
5.857
5.859
5.86
5.862
5.864
5.866
5.868
5.869
5.871
5.873
5.874
5.877
5.879
5.88
5.882
5.883
5.886
5.888
5.889
5.891
5.893
5.894
5.897
5.899
5.9
5.902
5.904
5.906
5.908
5.909
5.911
5.913
5.914
5.918
5.92
5.922
5.924
5.927
5.929
5.931
5.933
5.934
5.937
5.939
5.941
5.943
5.944
5.947
5.949
5.952
5.953
5.954
5.957
5.959
5.961
5.963
5.964
5.967
5.969
5.971
5.973
5.974
5.977
5.978
5.981
5.983
5.984
5.987
5.989
5.991
5.992
5.994
5.996
5.998
6.
6.002
6.006
6.007
6.009
6.01
6.012
6.013
6.017
6.019
6.021
6.022
6.024
6.026
6.028
6.029
6.032
6.034
6.037
6.038
6.04
6.042
6.045
6.047
6.049
6.052
6.053
6.056
6.058
6.06
6.063
6.065
6.068
6.069
6.072
6.074
6.076
6.078
6.081
6.082
6.085
6.087
6.089
6.092
6.094
6.096
6.098
6.1
6.102
6.105
6.107
6.109
6.112
6.114
6.116
6.117
6.12
6.122
6.125
6.127
6.13
6.132
6.133
6.136
6.137
6.141
6.142
6.145
6.147
6.149
6.152
6.153
6.156
6.157
6.16
6.162
6.165
6.166
6.169
6.171
6.173
6.175
6.177
6.179
6.181
6.186
6.187
6.189
6.191
6.195
6.197
6.198
6.201
6.205
6.206
6.208
6.211
6.212
6.215
6.217
6.219
6.221
6.224
6.226
6.229
6.23
6.232
6.235
6.237
6.239
6.241
6.244
6.246
6.248
6.251
6.254
6.256
6.258
6.261
6.262
6.265
6.266
6.269
6.271
6.274
6.276
6.278
6.281
6.282
6.285
6.287
6.289
6.292
6.294
6.296
6.298
6.3
6.301
6.305
6.306
6.309
6.31
6.314
6.316
6.318
6.32
6.324
6.325
6.329
6.33
6.333
6.335
6.337
6.34
6.342
6.345
6.346
6.348
6.35
6.353
6.354
6.358
6.36
6.363
6.365
6.367
6.37
6.371
6.374
6.375
6.378
6.38
6.384
6.385
6.388
6.39
6.393
6.394
6.397
6.4
6.401
6.404
6.406
6.408
6.41
6.413
6.415
6.417
6.419
6.42
6.424
6.425
6.428
6.429
6.433
6.435
6.438
6.439
6.442
6.445
6.446
6.449
6.45
6.454
6.455
6.458
6.459
6.463
6.465
6.467
6.469
6.472
6.474
6.476
6.479
6.48
6.483
6.484
6.487
6.489
6.492
6.494
6.496
6.499
6.5
6.503
6.504
6.507
6.509
6.512
6.514
6.516
6.519
6.52
6.522
6.524
6.527
6.528
6.532
6.533
6.535
6.538
6.539
6.542
6.544
6.547
6.549
6.551
6.553
6.555
6.558
6.559
6.562
6.564
6.566
6.568
6.572
6.574
6.576
6.578
6.581
6.582
6.586
6.587
6.589
6.592
6.593
6.596
6.598
6.6
6.603
6.604
6.607
6.609
6.612
6.613
6.616
6.618
6.62
6.623
6.625
6.627
6.628
6.632
6.633
6.635
6.637
6.641
6.642
6.644
6.647
6.648
6.652
6.653
6.655
6.657
6.66
6.662
6.664
6.667
6.668
6.671
6.673
6.675
6.678
6.68
6.682
6.684
6.687
6.69
6.692
6.693
6.697
6.698
6.701
6.702
6.704
6.707
6.709
6.712
6.714
6.716
6.718
6.72
6.722
6.724
6.726
6.731
6.732
6.734
6.737
6.74
6.742
6.744
6.747
6.75
6.752
6.754
6.757
6.76
6.762
6.764
6.766
6.77
6.771
6.774
6.776
6.78
6.781
6.784
6.786
6.79
6.791
6.794
6.796
6.799
6.801
6.803
6.805
6.81
6.811
6.813
6.815
6.82
6.821
6.823
6.825
6.829
6.831
6.832
6.835
6.836
6.839
6.841
6.843
6.845
6.848
6.849
6.851
6.855
6.856
6.859
6.861
6.863
6.865
6.868
6.87
6.872
6.875
6.876
6.879
6.88
6.882
6.885
6.888
6.889
6.891
6.892
6.894
6.898
6.899
6.901
6.902
6.904
6.908
6.909
6.91
6.912
6.914
6.918
6.92
6.922
6.924
6.927
6.928
6.93
6.932
6.934
6.937
6.938
6.94
6.944
6.947
6.948
6.95
6.954
6.957
6.958
6.96
6.962
6.964
6.966
6.967
6.968
6.97
6.971
6.974
6.976
6.977
6.978
6.98
6.981
6.984
6.985
6.986
6.987
6.989
6.99
6.991
6.993
6.995
6.996
6.997
6.998
7.
7.001
7.003
7.004
7.005
7.007
7.009
7.01
7.011
7.013
7.014
7.016
7.017
7.019
7.02
7.021
7.023
7.024
7.025
7.027
7.028
7.03
7.031
7.033
7.034
7.035
7.037
7.038
7.04
7.041
7.043
7.044
7.045
7.047
7.048
7.05
7.051
7.053
7.054
7.055
7.057
7.058
7.06
7.06
7.063
7.064
7.065
7.066
7.068
7.069
7.072
7.074
7.077
7.078
7.08
7.085
7.087
7.088
7.092
7.094
7.096
7.097
7.098
7.1
7.102
7.104
7.105
7.107
7.109
7.11
7.112
7.114
7.116
7.119
7.12
7.122
7.124
7.126
7.127
7.128
7.13
7.132
7.134
7.135
7.137
7.138
7.139
7.141
7.143
7.144
7.145
7.146
7.148
7.149
7.152
7.154
7.155
7.157
7.158
7.159
7.161
7.162
7.163
7.165
7.167
7.168
7.169
7.172
7.173
7.175
7.176
7.178
7.179
7.181
7.183
7.186
7.188
7.189
7.191
7.193
7.195
7.196
7.197
7.199
7.201
7.203
7.205
7.206
7.207
7.208
7.211
7.213
7.214
7.215
7.217
7.218
7.221
7.223
7.224
7.225
7.227
7.228
7.231
7.232
7.234
7.235
7.237
7.238
7.241
7.242
7.244
7.245
7.247
7.248
7.25
7.252
7.255
7.256
7.258
7.26
7.262
7.264
7.266
7.268
7.27
7.272
7.274
7.276
7.277
7.28
7.282
7.283
7.284
7.286
7.287
7.29
7.292
7.293
7.294
7.296
7.297
7.3
7.301
7.303
7.306
7.307
7.31
7.311
7.313
7.316
7.317
7.319
7.321
7.323
7.325
7.327
7.329
7.331
7.333
7.335
7.337
7.339
7.342
7.343
7.345
7.346
7.349
7.351
7.352
7.354
7.355
7.356
7.359
7.361
7.362
7.363
7.365
7.366
7.368
7.369
7.37
7.372
7.374
7.375
7.376
7.378
7.379
7.38
7.383
7.384
7.386
7.389
7.39
7.392
7.393
7.394
7.396
7.398
7.4
7.402
7.403
7.404
7.405
7.408
7.41
7.411
7.413
7.414
7.415
7.418
7.42
7.421
7.423
7.424
7.425
7.428
7.429
7.431
7.432
7.434
7.435
7.438
7.439
7.441
7.442
7.444
7.445
7.447
7.449
7.451
7.452
7.454
7.455
7.457
7.459
7.461
7.462
7.463
7.465
7.467
7.469
7.471
7.472
7.473
7.474
7.477
7.479
7.48
7.481
7.483
7.484
7.487
7.489
7.49
7.491
7.493
7.494
7.497
7.498
7.5
7.502
7.503
7.504
7.507
7.508
7.51
7.511
7.513
7.514
7.516
7.518
7.52
7.521
7.522
7.524
7.526
7.529
7.531
7.532
7.534
7.535
7.537
7.538
7.539
7.541
7.542
7.543
7.546
7.548
7.55
7.552
7.553
7.555
7.556
7.558
7.559
7.561
7.562
7.563
7.566
7.567
7.569
7.57
7.571
7.573
7.575
7.577
7.579
7.581
7.583
7.585
7.587
7.588
7.59
7.591
7.593
7.595
7.597
7.598
7.6
7.601
7.602
7.605
7.607
7.608
7.609
7.611
7.612
7.615
7.616
7.618
7.619
7.621
7.622
7.623
7.625
7.626
7.628
7.631
7.632
7.634
7.635
7.636
7.638
7.64
7.642
7.644
7.646
7.648
7.65
7.652
7.654
7.656
7.657
7.659
7.66
7.661
7.663
7.666
7.667
7.668
7.67
7.671
7.673
7.675
7.677
7.678
7.68
7.681
7.683
7.684
7.685
7.687
7.688
7.689
7.691
7.693
7.694
7.695
7.697
7.698
7.699
7.701
7.703
7.705
7.706
7.708
7.709
7.71
7.712
7.713
7.715
7.716
7.717
7.719
7.72
7.723
7.724
7.726
7.727
7.729
7.73
7.733
7.734
7.736
7.737
7.738
7.74
7.742
7.743
7.744
7.746
7.747
7.748
7.75
7.752
7.754
7.755
7.757
7.758
7.76
7.762
7.764
7.765
7.766
7.768
7.769
7.772
7.774
7.775
7.776
7.778
7.779
7.781
7.783
7.785
7.786
7.787
7.789
7.791
7.793
7.795
7.798
7.799
7.8
7.802
7.803
7.804
7.806
7.807
7.809
7.81
7.811
7.813
7.814
7.816
7.817
7.818
7.821
7.823
7.824
7.825
7.827
7.828
7.83
7.832
7.835
7.837
7.838
7.84
7.841
7.842
7.843
7.845
7.846
7.848
7.85
7.852
7.854
7.856
7.858
7.859
7.861
7.862
7.863
7.865
7.867
7.87
7.872
7.874
7.876
7.877
7.88
7.881
7.884
7.886
7.887
7.889
7.891
7.893
7.894
7.896
7.897
7.899
7.901
7.903
7.904
7.905
7.907
7.908
7.909
7.911
7.912
7.914
7.915
7.916
7.919
7.921
7.922
7.923
7.925
7.926
7.928
7.931
7.932
7.933
7.935
7.936
7.938
7.94
7.942
7.944
7.946
7.948
7.95
7.952
7.953
7.954
7.956
7.958
7.96
7.961
7.963
7.964
7.965
7.968
7.97
7.972
7.974
7.975
7.977
7.979
7.981
7.982
7.984
7.985
7.987
7.989
7.991
7.992
7.994
7.995
7.997
7.999
8.001
8.002
8.003
8.005
8.007
8.009
8.01
8.012
8.013
8.014
8.016
8.017
8.019
8.02
8.022
8.023
8.024
8.027
8.028
8.03
8.031
8.033
8.034
8.036
8.038
8.04
8.041
8.042
8.044
8.046
8.048
8.049
8.051
8.052
8.053
8.056
8.058
8.06
8.062
8.063
8.066
8.068
8.069
8.07
8.072
8.073
8.075
8.077
8.079
8.08
8.082
8.083
8.084
8.086
8.087
8.088
8.09
8.091
8.093
8.094
8.095
8.097
8.098
8.1
8.101
8.102
8.105
8.107
8.108
8.109
8.111
8.112
8.114
8.116
8.118
8.119
8.121
8.122
8.124
8.126
8.128
8.129
8.13
8.132
8.134
8.136
8.137
8.139
8.14
8.142
8.143
8.144
8.146
8.147
8.149
8.15
8.151
8.154
8.157
8.158
8.16
8.161
8.163
8.165
8.167
8.168
8.169
8.171
8.173
8.175
8.177
8.178
8.179
8.181
8.183
8.185
8.186
8.189
8.19
8.192
8.195
8.196
8.197
8.199
8.2
8.202
8.204
8.206
8.207
8.209
8.21
8.212
8.214
8.215
8.217
8.218
8.22
8.222
8.224
8.225
8.227
8.228
8.229
8.232
8.234
8.236
8.238
8.239
8.241
8.243
8.245
8.246
8.248
8.249
8.25
8.252
8.253
8.255
8.256
8.257
8.259
8.261
8.263
8.264
8.266
8.267
8.268
8.271
8.273
8.274
8.275
8.277
8.278
8.28
8.282
8.284
8.285
8.287
8.288
8.29
8.292
8.294
8.296
8.298
8.3
8.302
8.304
8.306
8.307
8.309
8.31
8.312
8.313
8.314
8.316
8.317
8.32
8.321
8.323
8.324
8.326
8.327
8.329
8.331
8.333
8.334
8.335
8.337
8.339
8.341
8.342
8.344
8.345
8.346
8.349
8.351
8.352
8.354
8.356
8.358
8.359
8.36
8.362
8.363
8.365
8.366
8.368
8.37
8.372
8.373
8.374
8.376
8.378
8.38
8.381
8.383
8.384
8.385
8.387
8.388
8.39
8.391
8.392
8.394
8.395
8.397
8.398
8.399
8.401
8.402
8.403
8.405
8.407
8.409
8.411
8.413
8.415
8.417
8.419
8.421
8.423
8.424
8.426
8.427
8.428
8.431
8.433
8.434
8.437
8.438
8.44
8.441
8.442
8.444
8.445
8.447
8.448
8.449
8.451
8.452
8.454
8.456
8.458
8.46
8.462
8.463
8.465
8.467
8.469
8.47
8.472
8.473
8.475
8.477
8.479
8.48
8.481
8.483
8.484
8.486
8.487
8.488
8.49
8.491
8.492
8.494
8.495
8.497
8.498
8.499
8.501
8.502
8.504
8.506
8.508
8.509
8.511
8.512
8.514
8.516
8.518
8.519
8.52
8.522
8.524
8.526
8.528
8.53
8.531
8.533
8.534
8.536
8.537
8.538
8.54
8.541
8.543
8.545
8.547
8.548
8.549
8.551
8.553
8.555
8.556
8.558
8.559
8.56
8.562
8.565
8.566
8.567
8.569
8.57
8.572
8.574
8.576
8.577
8.579
8.58
8.581
8.583
8.584
8.585
8.587
8.588
8.589
8.592
8.594
8.596
8.598
8.599
8.601
8.603
8.605
8.606
8.608
8.609
8.612
8.613
8.615
8.617
8.619
8.62
8.621
8.623
8.624
8.626
8.627
8.628
8.63
8.633
8.634
8.635
8.637
8.638
8.64
8.641
8.642
8.644
8.645
8.646
8.648
8.65
8.652
8.654
8.656
8.659
8.663
8.664
8.666
8.667
8.669
8.671
8.673
8.675
8.677
8.679
8.681
8.683
8.685
8.687
8.688
8.689
8.691
8.693
8.695
8.696
8.698
8.699
8.7
8.702
8.703
8.705
8.706
8.707
8.709
8.71
8.711
8.713
8.714
8.716
8.718
8.72
8.721
8.723
8.724
8.725
8.727
8.729
8.731
8.733
8.735
8.738
8.739
8.74
8.742
8.743
8.745
8.747
8.749
8.75
8.752
8.753
8.754
8.756
8.758
8.76
8.761
8.763
8.764
8.765
8.767
8.768
8.77
8.771
8.772
8.774
8.775
8.777
8.778
8.779
8.781
8.783
8.785
8.787
8.789
8.79
8.792
8.793
8.795
8.797
8.799
8.801
8.803
8.805
8.807
8.808
8.81
8.811
8.812
8.814
8.816
8.818
8.819
8.821
8.822
8.824
8.826
8.828
8.829
8.83
8.832
8.834
8.836
8.838
8.84
8.841
8.843
8.844
8.845
8.847
8.848
8.85
8.851
8.853
8.855
8.857
8.858
8.859
8.861
8.863
8.865
8.866
8.867
8.869
8.87
8.872
8.873
8.874
8.876
8.877
8.879
8.88
8.882
8.884
8.886
8.887
8.89
8.892
8.894
8.896
8.898
8.899
8.901
8.903
8.905
8.908
8.909
8.91
8.912
8.913
8.914
8.916
8.917
8.918
8.921
8.923
8.924
8.925
8.927
8.928
8.93
8.931
8.932
8.934
8.935
8.936
8.938
8.94
8.942
8.943
8.945
8.946
8.947
8.949
8.95
8.952
8.953
8.954
8.956
8.957
8.96
8.961
8.963
8.965
8.967
8.97
8.971
8.972
8.974
8.975
8.976
8.978
8.98
8.982
8.985
8.986
8.987
8.989
8.99
8.992
8.993
8.994
8.996
8.998
9.
9.002
9.004
9.005
9.007
9.009
9.011
9.012
9.014
9.015
9.016
9.018
9.019
9.021
9.022
9.023
9.024
9.027
9.029
9.03
9.031
9.033
9.034
9.036
9.038
9.04
9.041
9.042
9.044
9.046
9.048
9.049
9.05
9.052
9.053
9.055
9.057
9.059
9.06
9.062
9.063
9.065
9.067
9.069
9.071
9.073
9.075
9.077
9.078
9.079
9.081
9.082
9.084
9.085
9.086
9.088
9.089
9.091
9.092
9.094
9.096
9.097
9.099
9.1
9.101
9.104
9.105
9.107
9.108
9.11
9.111
9.113
9.115
9.117
9.118
9.119
9.121
9.123
9.125
9.127
9.129
9.13
9.132
9.134
9.136
9.137
9.138
9.14
9.142
9.144
9.145
9.147
9.148
9.149
9.151
9.152
9.153
9.155
9.156
9.158
9.159
9.161
9.163
9.165
9.166
9.167
9.169
9.171
9.173
9.174
9.175
9.177
9.178
9.18
9.181
9.182
9.184
9.185
9.186
9.188
9.189
9.191
9.192
9.194
9.196
9.197
9.199
9.2
9.201
9.203
9.204
9.206
9.207
9.209
9.211
9.213
9.215
9.216
9.218
9.219
9.221
9.222
9.223
9.225
9.226
9.227
9.229
9.232
9.234
9.236
9.238
9.24
9.242
9.244
9.245
9.247
9.251
9.252
9.254
9.255
9.257
9.259
9.26
9.262
9.263
9.264
9.267
9.268
9.27
9.271
9.273
9.274
9.276
9.278
9.28
9.281
9.282
9.284
9.286
9.288
9.289
9.29
9.292
9.293
9.295
9.297
9.299
9.301
9.303
9.305
9.307
9.308
9.309
9.311
9.312
9.314
9.318
9.319
9.32
9.322
9.324
9.326
9.327
9.329
9.33
9.331
9.333
9.334
9.335
9.337
9.338
9.34
9.341
9.342
9.344
9.346
9.348
9.349
9.35
9.352
9.353
9.355
9.356
9.357
9.359
9.36
9.361
9.363
9.366
9.367
9.368
9.37
9.372
9.374
9.375
9.376
9.378
9.379
9.381
9.385
9.387
9.389
9.391
9.393
9.395
9.398
9.399
9.401
9.403
9.405
9.407
9.41
9.412
9.413
9.415
9.417
9.419
9.422
9.425
9.427
9.429
9.431
9.433
9.435
9.436
9.438
9.442
9.444
9.446
9.448
9.451
9.453
9.455
9.457
9.46
9.462
9.464
9.467
9.469
9.471
9.474
9.476
9.479
9.481
9.483
9.486
9.49
9.493
9.495
9.499
9.502
9.505
9.509
9.512
9.514
9.518
9.521
9.522
9.524
9.528
9.531
9.534
9.538
9.54
9.543
9.547
9.549
9.55
9.553
9.556
9.558
9.56
9.562
9.565
9.567
9.57
9.572
9.576
9.578
9.581
9.585
9.588
9.59
9.595
9.597
9.6
9.604
9.607
9.609
9.614
9.616
9.619
9.623
9.626
9.628
9.632
9.635
9.638
9.642
9.645
9.647
9.651
9.654
9.657
9.661
9.664
9.666
9.67
9.673
9.676
9.678
9.681
9.684
9.687
9.689
9.692
9.695
9.697
9.7
9.703
9.706
9.708
9.711
9.714
9.716
9.719
9.722
9.724
9.727
9.73
9.732
9.735
9.738
9.741
9.743
9.746
9.749
9.751
9.754
9.757
9.759
9.762
9.765
9.768
9.772
9.774
9.777
9.78
9.782
9.785
9.787
9.79
9.792
9.794
9.796
9.799
9.801
9.804
9.807
9.809
9.812
9.815
9.817
9.82
9.823
9.825
9.827
9.831
9.834
9.836
9.839
9.842
9.844
9.846
9.848
9.851
9.854
9.856
9.859
9.862
9.864
9.867
9.87
9.873
9.875
9.878
9.881
9.883
9.886
9.889
9.891
9.894
9.897
9.899
9.902
9.905
9.908
9.909
9.912
9.914
9.917
9.92
9.922
9.925
9.928
9.931
9.934
9.937
9.94
9.942
9.945
9.948
9.95
9.953
9.956
9.959
9.961
9.964
9.966
9.969
9.972
9.975
9.977
9.98
9.983
9.985
9.988
9.99
9.992
9.994
9.997
9.999
10.
10.
10.01
10.01
10.01
10.01
10.02
10.02
10.02
10.02
10.03
10.03
10.03
10.04
10.04
10.04
10.05
10.05
10.05
10.05
10.05
10.06
10.06
10.06
10.07
10.07
10.07
10.07
10.08
10.08
10.08
10.08
10.09
10.09
10.09
10.1
10.1
10.1
10.11
10.11
10.11
10.12
10.12
10.13
10.13
10.13
10.14
10.14
10.14
10.15
10.15
10.15
10.15
10.16
10.16
10.17
10.17
10.17
10.18
10.18
10.18
10.19
10.19
10.19
10.2
10.2
10.2
10.2
10.21
10.21
10.21
10.22
10.22
10.23
10.23
10.24
10.24
10.24
10.25
10.25
10.26
10.26
10.27
10.27
10.27
10.28
10.28
10.28
10.29
10.29
10.29
10.3
10.3
10.3
10.31
10.31
10.31
10.32
10.32
10.33
10.33
10.33
10.33
10.34
10.34
10.34
10.35
10.35
10.35
10.36
10.36
10.36
10.37
10.37
10.38
10.38
10.39
10.39
10.39
10.4
10.4
10.41
10.41
10.41
10.41
10.42
10.42
10.42
10.43
10.43
10.44
10.44
10.45
10.45
10.45
10.46
10.46
10.46
10.47
10.47
10.48
10.48
10.48
10.49
10.49
10.5
10.5
10.5
10.51
10.51
10.52
10.52
10.52
10.52
10.53
10.53
10.54
10.54
10.54
10.55
10.55
10.55
10.55
10.56
10.56
10.57
10.57
10.57
10.58
10.58
10.58
10.59
10.59
10.6
10.6
10.6
10.61
10.61
10.62
10.62
10.62
10.63
10.63
10.63
10.64
10.64
10.64
10.65
10.65
10.66
10.66
10.66
10.67
10.67
10.68
10.68
10.68
10.68
10.69
10.69
10.69
10.7
10.7
10.71
10.71
10.71
10.71
10.72
10.72
10.72
10.73
10.73
10.73
10.73
10.74
10.74
10.75
10.75
10.75
10.76
10.76
10.76
10.77
10.77
10.77
10.77
10.78
10.78
10.78
10.78
10.79
10.79
10.79
10.8
10.8
10.8
10.8
10.81
10.81
10.81
10.82
10.82
10.83
10.83
10.83
10.84
10.84
10.85
10.85
10.85
10.85
10.86
10.86
10.87
10.87
10.87
10.88
10.88
10.89
10.89
10.89
10.9
10.9
10.9
10.91
10.91
10.91
10.92
10.92
10.92
10.93
10.93
10.93
10.93
10.94
10.94
10.95
10.95
10.95
10.95
10.96
10.96
10.96
10.97
10.97
10.97
10.97
10.98
10.98
10.98
10.99
10.99
10.99
11.
11.
11.
11.01
11.01
11.01
11.01
11.02
11.02
11.03
11.03
11.03
11.04
11.04
11.04
11.04
11.05
11.05
11.05
11.06
11.06
11.06
11.07
11.07
11.07
11.07
11.08
11.08
11.08
11.09
11.09
11.09
11.1
11.1
11.1
11.1
11.11
11.11
11.12
11.12
11.12
11.13
11.13
11.13
11.14
11.14
11.14
11.15
11.15
11.16
11.16
11.16
11.17
11.17
11.17
11.18
11.18
11.18
11.19
11.19
11.2
11.2
11.2
11.2
11.2
11.21
11.21
11.22
11.22
11.22
11.22
11.22
11.23
11.23
11.24
11.24
11.24
11.25
11.25
11.25
11.26
11.26
11.26
11.26
11.27
11.27
11.27
11.27
11.28
11.28
11.28
11.29
11.29
11.29
11.3
11.3
11.3
11.3
11.31
11.31
11.32
11.32
11.32
11.32
11.33
11.33
11.34
11.34
11.34
11.34
11.35
11.35
11.35
11.36
11.36
11.36
11.37
11.37
11.37
11.38
11.38
11.38
11.38
11.39
11.39
11.39
11.39
11.4
11.4
11.4
11.4
11.41
11.41
11.42
11.42
11.42
11.42
11.43
11.43
11.43
11.44
11.44
11.44
11.44
11.45
11.45
11.45
11.46
11.46
11.46
11.46
11.46
11.47
11.47
11.48
11.48
11.48
11.49
11.49
11.5
11.5
11.5
11.51
11.51
11.51
11.52
11.52
11.52
11.52
11.53
11.53
11.54
11.54
11.54
11.55
11.55
11.55
11.56
11.56
11.57
11.57
11.57
11.58
11.58
11.58
11.58
11.59
11.59
11.6
11.6
11.6
11.61
11.61
11.61
11.62
11.62
11.62
11.62
11.63
11.63
11.64
11.64
11.65
11.65
11.65
11.65
11.66
11.66
11.66
11.67
11.67
11.68
11.68
11.68
11.69
11.69
11.69
11.69
11.7
11.7
11.71
11.71
11.72
11.72
11.72
11.72
11.73
11.73
11.73
11.73
11.74
11.74
11.74
11.75
11.75
11.75
11.75
11.76
11.76
11.76
11.77
11.77
11.78
11.78
11.78
11.79
11.79
11.79
11.8
11.8
11.8
11.8
11.81
11.81
11.82
11.82
11.82
11.83
11.83
11.83
11.84
11.84
11.84
11.85
11.85
11.85
11.85
11.86
11.86
11.86
11.87
11.87
11.88
11.88
11.89
11.89
11.89
11.9
11.9
11.9
11.9
11.91
11.91
11.92
11.92
11.92
11.92
11.93
11.93
11.93
11.94
11.94
11.94
11.95
11.95
11.96
11.96
11.96
11.97
11.97
11.97
11.98
11.98
11.98
11.99
11.99
11.99
11.99
11.99
12.
12.
12.
12.
12.01
12.01
12.02
12.02
12.03
12.03
12.03
12.03
12.04
12.04
12.05
12.05
12.06
12.06
12.06
12.06
12.07
12.07
12.07
12.07
12.08
12.08
12.08
12.08
12.09
12.09
12.09
12.09
12.1
12.1
12.1
12.1
12.11
12.11
12.11
12.12
12.12
12.12
12.12
12.13
12.13
12.13
12.14
12.14
12.14
12.14
12.15
12.15
12.15
12.16
12.16
12.16
12.16
12.17
12.17
12.18
12.18
12.18
12.18
12.19
12.19
12.19
12.19
12.2
12.2
12.2
12.2
12.21
12.21
12.21
12.22
12.22
12.22
12.22
12.23
12.23
12.24
12.24
12.24
12.25
12.25
12.26
12.26
12.26
12.26
12.27
12.27
12.27
12.28
12.28
12.28
12.29
12.29
12.29
12.29
12.3
12.3
12.31
12.31
12.31
12.31
12.32
12.32
12.32
12.33
12.33
12.33
12.34
12.34
12.34
12.34
12.35
12.35
12.36
12.36
12.36
12.37
12.37
12.37
12.37
12.38
12.38
12.38
12.39
12.39
12.39
12.39
12.4
12.4
12.4
12.4
12.41
12.41
12.42
12.42
12.42
12.43
12.43
12.43
12.43
12.44
12.44
12.44
12.45
12.45
12.45
12.45
12.46
12.46
12.46
12.47
12.47
12.48
12.48
12.48
12.49
12.49
12.49
12.5
12.5
12.51
12.52
12.52
12.52
12.53
12.53
12.53
12.54
12.54
12.55
12.55
12.56
12.56
12.56
12.57
12.57
12.57
12.58
12.58
12.59
12.59
12.6
12.6
12.6
12.61
12.61
12.61
12.62
12.62
12.63
12.63
12.63
12.64
12.64
12.65
12.65
12.65
12.66
12.66
12.67
12.67
12.67
12.68
12.68
12.68
12.69
12.69
12.7
12.7
12.71
12.71
12.71
12.72
12.72
12.73
12.73
12.74
12.74
12.75
12.75
12.75
12.76
12.76
12.76
12.77
12.77
12.78
12.78
12.79
12.79
12.79
12.8
12.8
12.8
12.81
12.81
12.82
12.82
12.82
12.83
12.83
12.84
12.84
12.84
12.85
12.85
12.86
12.86
12.86
12.87
12.87
12.87
12.88
12.88
12.89
12.89
12.9
12.9
12.9
12.91
12.91
12.92
12.92
12.93
12.93
12.94
12.94
12.94
12.95
12.95
12.95
12.96
12.96
12.97
12.97
12.97
12.98
12.98
12.99
12.99
13.
13.01
13.01
13.01
13.02
13.02
13.02
13.03
13.03
13.04
13.04
13.05
13.05
13.05
13.06
13.06
13.06
13.07
13.07
13.08
13.08
13.08
13.09
13.09
13.1
13.1
13.1
13.11
13.12
13.12
13.12
13.13
13.13
13.14
13.14
13.15
13.15
13.16
13.16
13.17
13.17
13.18
13.18
13.19
13.19
13.2
13.2
13.2
13.21
13.21
13.21
13.22
13.22
13.23
13.23
13.23
13.24
13.24
13.25
13.25
13.25
13.26
13.26
13.27
13.27
13.27
13.28
13.28
13.28
13.29
13.29
13.3
13.3
13.31
13.31
13.31
13.32
13.32
13.32
13.33
13.33
13.34
13.34
13.35
13.35
13.35
13.36
13.36
13.36
13.37
13.37
13.38
13.38
13.38
13.39
13.39
13.39
13.4
13.4
13.41
13.41
13.42
13.42
13.42
13.43
13.43
13.43
13.44
13.44
13.45
13.45
13.46
13.46
13.46
13.47
13.47
13.47
13.48
13.48
13.49
13.49
13.49
13.5
13.5
13.5
13.51
13.51
13.52
13.52
13.53
13.53
13.53
13.54
13.54
13.54
13.55
13.55
13.56
13.56
13.57
13.57
13.58
13.58
13.59
13.59
13.6
13.6
13.6
13.61
13.61
13.61
13.62
13.62
13.63
13.63
13.64
13.64
13.64
13.65
13.65
13.65
13.66
13.66
13.67
13.67
13.68
13.68
13.68
13.69
13.69
13.69
13.7
13.7
13.71
13.71
13.71
13.72
13.72
13.72
13.73
13.73
13.74
13.74
13.75
13.75
13.75
13.76
13.76
13.76
13.77
13.77
13.78
13.78
13.79
13.79
13.79
13.8
13.8
13.8
13.81
13.81
13.82
13.82
13.82
13.83
13.83
13.83
13.84
13.84
13.85
13.85
13.86
13.86
13.86
13.87
13.87
13.88
13.88
13.89
13.89
13.9
13.9
13.9
13.91
13.91
13.91
13.92
13.92
13.93
13.93
13.93
13.94
13.94
13.95
13.95
13.95
13.96
13.96
13.97
13.97
13.97
13.98
13.99
13.99
13.99
14.
14.
14.01
14.01
14.01
14.02
14.02
14.02
14.03
14.03
14.04
14.04
14.04
14.05
14.05
14.05
14.06
14.06
14.07
14.07
14.08
14.08
14.08
14.09
14.09
14.09
14.1
14.1
14.11
14.11
14.11
14.12
14.12
14.13
14.13
14.13
14.14
14.14
14.15
14.15
14.15
14.16
14.16
14.16
14.17
14.17
14.18
14.18
14.18
14.19
14.19
14.2
14.2
14.2
14.21
14.21
14.22
14.22
14.23
14.23
14.24
14.24
14.24
14.25
14.25
14.26
14.26
14.26
14.27
14.27
14.27
14.28
14.28
14.29
14.29
14.29
14.3
14.3
14.31
14.31
14.31
14.32
14.32
14.33
14.33
14.33
14.34
14.34
14.35
14.35
14.35
14.36
14.36
14.37
14.37
14.37
14.38
14.38
14.39
14.39
14.4
14.4
14.4
14.41
14.41
14.41
14.42
14.42
14.43
14.44
14.44
14.44
14.45
14.45
14.46
14.46
14.46
14.47
14.47
14.47
14.48
14.48
14.49
14.49
14.49
14.5
14.5
14.51
14.51
14.51
14.52
14.52
14.52
14.53
14.53
14.54
14.54
14.54
14.55
14.55
14.56
14.56
14.56
14.57
14.57
14.58
14.58
14.58
14.59
14.59
14.6
14.6
14.6
14.61
14.61
14.62
14.62
14.62
14.63
14.63
14.63
14.64
14.64
14.65
14.65
14.65
14.66
14.66
14.66
14.67
14.67
14.68
14.68
14.69
14.69
14.69
14.7
14.7
14.7
14.71
14.71
14.72
14.72
14.72
14.73
14.73
14.74
14.74
14.74
14.75
14.75
14.76
14.76
14.76
14.77
14.77
14.77
14.78
14.78
14.79
14.79
14.79
14.8
14.8
14.81
14.81
14.81
14.82
14.82
14.83
14.83
14.83
14.84
14.84
14.84
14.85
14.85
14.86
14.86
14.86
14.87
14.87
14.88
14.88
14.88
14.89
14.89
14.9
14.9
14.9
14.91
14.91
14.91
14.92
14.92
14.93
14.93
14.93
14.94
14.94
14.95
14.95
14.95
14.96
14.96
14.97
14.97
14.97
14.98
14.98
14.98
14.99
14.99
15.
15.
15.
15.01
15.01
15.02
15.02
15.02
15.03
15.03
15.04
15.04
15.04
15.05
15.05
15.05
15.06
15.06
15.07
15.07
15.07
15.08
15.08
15.09
15.09
15.09
15.1
15.1
15.11
15.11
15.11
15.12
15.12
15.12
15.13
15.13
15.14
15.14
15.14
15.15
15.15
15.16
15.16
15.16
15.17
15.17
15.18
15.18
15.18
15.19
15.19
15.19
15.2
15.2
15.21
15.21
15.21
15.22
15.22
15.23
15.23
15.23
15.24
15.24
15.25
15.25
15.25
15.26
15.26
15.26
15.27
15.27
15.28
15.28
15.28
15.29
15.29
15.3
15.3
15.3
15.31
15.31
15.31
15.32
15.32
15.33
15.33
15.33
15.34
15.34
15.34
15.35
15.35
15.35
15.36
15.36
15.36
15.37
15.37
15.37
15.38
15.38
15.38
15.38
15.39
15.39
15.39
15.4
15.4
15.4
15.41
15.41
15.41
15.42
15.42
15.42
15.43
15.43
15.44
15.44
15.45
15.45
15.46
15.46
15.46
15.47
15.47
15.47
15.48
15.48
15.49
15.49
15.5
15.51
15.51
15.51
15.52
15.52
15.53
15.53
15.54
15.55
15.55
15.56
15.56
15.56
15.56
15.57
15.57
15.57
15.58
15.58
15.58
15.59
15.6
15.6
15.61
15.61
15.61
15.62
15.62
15.63
15.63
15.63
15.64
15.64
15.64
15.64
15.65
15.65
15.65
15.66
15.66
15.66
15.67
15.67
15.67
15.68
15.68
15.68
15.68
15.69
15.69
15.7
15.7
15.71
15.71
15.71
15.72
15.72
15.72
15.73
15.73
15.73
15.74
15.74
15.74
15.75
15.75
15.75
15.76
15.76
15.76
15.77
15.77
15.77
15.78
15.78
15.78
15.79
15.79
15.8
15.8
15.8
15.81
15.81
15.81
15.82
15.82
15.82
15.83
15.83
15.83
15.84
15.84
15.84
15.85
15.85
15.85
15.86
15.86
15.86
15.87
15.87
15.88
15.88
15.88
15.89
15.89
15.89
15.9
15.9
15.9
15.91
15.91
15.91
15.92
15.92
15.93
15.93
15.93
15.94
15.94
15.94
15.95
15.95
15.95
15.96
15.96
15.96
15.97
15.97
15.98
15.98
15.98
15.99
15.99
15.99
15.99
16.
16.
16.01
16.01
16.01
16.02
16.02
16.02
16.03
16.03
16.03
16.04
16.04
16.04
16.05
16.05
16.05
16.06
16.06
16.06
16.07
16.07
16.07
16.08
16.08
16.08
16.09
16.09
16.09
16.1
16.1
16.1
16.11
16.11
16.11
16.12
16.12
16.13
16.13
16.13
16.14
16.14
16.14
16.14
16.15
16.15
16.15
16.16
16.16
16.16
16.17
16.17
16.18
16.18
16.18
16.18
16.19
16.19
16.19
16.2
16.2
16.21
16.21
16.21
16.22
16.22
16.22
16.23
16.23
16.23
16.24
16.24
16.24
16.25
16.25
16.25
16.26
16.26
16.26
16.27
16.27
16.27
16.28
16.28
16.28
16.29
16.29
16.29
16.29
16.3
16.3
16.31
16.31
16.31
16.32
16.32
16.32
16.33
16.33
16.33
16.34
16.34
16.34
16.35
16.35
16.36
16.36
16.36
16.37
16.37
16.37
16.38
16.38
16.39
16.39
16.39
16.4
16.4
16.41
16.41
16.41
16.42
16.42
16.42
16.43
16.43
16.44
16.44
16.44
16.45
16.45
16.45
16.46
16.46
16.47
16.47
16.47
16.48
16.48
16.49
16.49
16.49
16.5
16.5
16.5
16.51
16.51
16.52
16.52
16.52
16.53
16.53
16.53
16.54
16.54
16.55
16.55
16.55
16.56
16.56
16.57
16.57
16.57
16.58
16.58
16.58
16.59
16.59
16.6
16.6
16.6
16.61
16.61
16.62
16.62
16.62
16.63
16.63
16.63
16.64
16.64
16.65
16.65
16.65
16.66
16.66
16.66
16.67
16.67
16.67
16.68
16.68
16.68
16.69
16.69
16.69
16.7
16.7
16.7
16.71
16.71
16.71
16.72
16.72
16.72
16.72
16.73
16.73
16.73
16.74
16.74
16.74
16.75
16.75
16.75
16.75
16.76
16.76
16.76
16.77
16.77
16.77
16.78
16.78
16.78
16.78
16.79
16.79
16.79
16.8
16.8
16.8
16.81
16.81
16.81
16.81
16.82
16.82
16.82
16.83
16.83
16.83
16.84
16.84
16.84
16.85
16.85
16.85
16.86
16.86
16.86
16.87
16.87
16.87
16.88
16.88
16.89
16.89
16.89
16.89
16.9
16.9
16.9
16.91
16.91
16.91
16.92
16.92
16.92
16.92
16.93
16.93
16.93
16.94
16.94
16.94
16.95
16.95
16.95
16.95
16.96
16.96
16.96
16.97
16.98
16.98
16.98
16.98
16.99
16.99
17.
17.
17.
17.01
17.01
17.01
17.02
17.02
17.03
17.03
17.03
17.04
17.04
17.05
17.05
17.05
17.06
17.06
17.07
17.07
17.08
17.08
17.08
17.09
17.09
17.09
17.1
17.1
17.1
17.11
17.11
17.11
17.12
17.12
17.12
17.13
17.13
17.13
17.13
17.14
17.14
17.14
17.15
17.15
17.15
17.16
17.16
17.16
17.17
17.17
17.17
17.18
17.18
17.18
17.19
17.19
17.19
17.2
17.2
17.21
17.21
17.21
17.22
17.22
17.22
17.23
17.23
17.23
17.24
17.24
17.25
17.25
17.25
17.25
17.26
17.26
17.26
17.27
17.27
17.28
17.28
17.28
17.29
17.29
17.29
17.3
17.3
17.3
17.31
17.31
17.31
17.32
17.32
17.32
17.33
17.33
17.33
17.34
17.34
17.34
17.34
17.35
17.35
17.35
17.36
17.36
17.36
17.37
17.37
17.38
17.38
17.38
17.38
17.39
17.39
17.39
17.4
17.4
17.4
17.41
17.41
17.41
17.42
17.42
17.42
17.43
17.43
17.43
17.44
17.44
17.44
17.44
17.45
17.45
17.46
17.46
17.46
17.47
17.47
17.47
17.48
17.48
17.48
17.49
17.49
17.49
17.5
17.5
17.51
17.51
17.51
17.52
17.52
17.52
17.53
17.53
17.54
17.54
17.54
17.55
17.55
17.56
17.56
17.56
17.57
17.57
17.57
17.58
17.58
17.58
17.59
17.59
17.6
17.6
17.6
17.61
17.61
17.61
17.62
17.62
17.63
17.63
17.63
17.64
17.64
17.64
17.65
17.65
17.66
17.66
17.66
17.67
17.67
17.67
17.68
17.68
17.69
17.69
17.7
17.7
17.7
17.71
17.71
17.72
17.72
17.73
17.73
17.73
17.74
17.74
17.74
17.75
17.75
17.76
17.76
17.77
17.77
17.77
17.78
17.78
17.79
17.79
17.79
17.8
17.8
17.8
17.81
17.81
17.82
17.82
17.82
17.83
17.83
17.83
17.84
17.84
17.85
17.85
17.85
17.86
17.86
17.86
17.87
17.87
17.88
17.88
17.88
17.89
17.89
17.9
17.9
17.91
17.91
17.91
17.92
17.92
17.92
17.93
17.93
17.94
17.94
17.95
17.95
17.96
17.96
17.96
17.97
17.97
17.98
17.98
17.98
17.99
17.99
18.
18.
18.01
18.01
18.01
18.02
18.02
18.03
18.03
18.03
18.04
18.04
18.05
18.05
18.06
18.06
18.07
18.07
18.07
18.08
18.09
18.09
18.09
18.1
18.1
18.11
18.11
18.11
18.11
18.12
18.12
18.13
18.13
18.13
18.14
18.15
18.15
18.16
18.16
18.17
18.17
18.17
18.18
18.18
18.19
18.19
18.2
18.2
18.2
18.21
18.21
18.21
18.22
18.22
18.23
18.24
18.24
18.24
18.25
18.26
18.26
18.26
18.27
18.27
18.28
18.28
18.29
18.29
18.3
18.3
18.31
18.31
18.32
18.32
18.33
18.33
18.34
18.34
18.35
18.35
18.36
18.36
18.37
18.37
18.38
18.38
18.39
18.39
18.4
18.4
18.41
18.41
18.42
18.42
18.43
18.43
18.43
18.44
18.45
18.45
18.46
18.46
18.46
18.47
18.47
18.48
18.49
18.49
18.49
18.5
18.51
18.51
18.52
18.52
18.52
18.53
18.53
18.54
18.54
18.55
18.55
18.56
18.56
18.57
18.57
18.58
18.58
18.59
18.59
18.6
18.6
18.61
18.61
18.62
18.62
18.62
18.63
18.63
18.64
18.64
18.65
18.65
18.66
18.66
18.67
18.67
18.68
18.68
18.69
18.69
18.69
18.7
18.71
18.71
18.71
18.72
18.72
18.73
18.74
18.74
18.74
18.75
18.75
18.76
18.76
18.77
18.77
18.77
18.78
18.79
18.79
18.79
18.8
18.8
18.81
18.81
18.82
18.82
18.83
18.83
18.84
18.84
18.85
18.85
18.86
18.86
18.87
18.87
18.88
18.88
18.88
18.89
18.9
18.9
18.91
18.91
18.91
18.92
18.92
18.93
18.93
18.93
18.94
18.94
18.95
18.95
18.95
18.96
18.96
18.97
18.97
18.98
18.98
18.99
18.99
19.
19.
19.01
19.01
19.02
19.02
19.03
19.03
19.04
19.04
19.05
19.05
19.06
19.06
19.06
19.07
19.08
19.08
19.09
19.09
19.09
19.1
19.1
19.11
19.11
19.12
19.12
19.13
19.13
19.14
19.14
19.15
19.15
19.15
19.16
19.16
19.17
19.17
19.18
19.18
19.19
19.19
19.19
19.2
19.2
19.21
19.22
19.22
19.22
19.23
19.23
19.24
19.24
19.25
19.25
19.26
19.26
19.27
19.27
19.28
19.28
19.29
19.29
19.3
19.3
19.31
19.31
19.32
19.32
19.32
19.33
19.33
19.34
19.34
19.35
19.35
19.35
19.36
19.36
19.37
19.37
19.38
19.38
19.39
19.39
19.4
19.4
19.41
19.41
19.42
19.42
19.43
19.43
19.43
19.44
19.44
19.45
19.45
19.46
19.46
19.46
19.47
19.47
19.48
19.48
19.48
19.49
19.49
19.5
19.5
19.51
19.51
19.51
19.52
19.52
19.52
19.53
19.53
19.53
19.54
19.54
19.55
19.55
19.56
19.56
19.57
19.57
19.58
19.58
19.59
19.59
19.6
19.6
19.61
19.62
19.62
19.63
19.64
19.65
19.65
19.66
19.67
19.68
19.69
19.7
19.7
19.71
19.72
19.72
19.73
19.73
19.74
19.75
19.76
19.77
19.78
19.78
19.78
19.79
19.8
19.81
19.81
19.82
19.83
19.83
19.84
19.85
19.85
19.86
19.86
19.87
19.88
19.89
19.89
19.91
19.91
19.92
19.93
19.94
19.94
19.96
19.96
19.97
19.97
19.98
19.99
19.99
20.
20.01
20.01
20.02
20.02
20.04
20.04
20.04
20.05
20.06
20.07
20.07
20.08
20.09
20.1
20.11
20.12
20.12
20.13
20.14
20.14
20.15
20.15
20.17
20.17
20.18
20.19
20.2
20.2
20.21
20.22
20.23
20.23
20.25
20.25
20.26
20.27
20.28
20.28
20.29
20.3
20.31
20.31
20.33
20.33
20.34
20.35
20.36
20.36
20.38
20.38
20.39
20.4
20.41
20.41
20.42
20.43
20.44
20.44
20.46
20.46
20.47
20.48
20.49
20.49
20.5
20.51
20.52
20.52
20.54
20.54
20.55
20.56
20.57
20.57
20.58
20.59
20.6
20.61
20.62
20.62
20.63
20.64
20.65
20.65
20.67
20.67
20.68
20.69
20.7
20.7
20.71
20.72
20.73
20.73
20.75
20.75
20.76
20.77
20.78
20.78
20.8
20.8
20.81
20.82
20.83
20.83
20.84
20.85
20.86
20.86
20.87
20.88
20.89
20.9
20.91
20.91
20.92
20.93
20.94
20.94
20.96
20.96
20.97
20.98
20.99
20.99
21.
21.01
21.02
21.02
21.04
21.04
21.05
21.06
21.07
21.07
21.09
21.09
21.1
21.1
21.12
21.12
21.13
21.14
21.15
21.15
21.16
21.17
21.18
21.18
21.2
21.2
21.21
21.22
21.23
21.23
21.25
21.25
21.26
21.27
21.28
21.28
21.29
21.3
21.31
21.31
21.32
21.33
21.34
21.35
21.36
21.36
21.37
21.38
21.39
21.39
21.41
21.41
21.42
21.43
21.44
21.44
21.45
21.46
21.47
21.47
21.48
21.49
21.5
21.51
21.52
21.52
21.53
21.54
21.55
21.55
21.57
21.57
21.58
21.59
21.6
21.6
21.61
21.62
21.63
21.63
21.65
21.65
21.66
21.67
21.68
21.68
21.69
21.7
21.71
21.71
21.73
21.73
21.74
21.75
21.76
21.76
21.77
21.78
21.79
21.79
21.81
21.81
21.82
21.83
21.84
21.84
21.85
21.86
21.87
21.88
21.89
21.89
21.9
21.91
21.92
21.92
21.93
21.94
21.95
21.95
21.97
21.97
21.98
21.99
22.
22.
22.01
22.02
22.03
22.03
22.05
22.05
22.06
22.07
22.08
22.08
22.09
22.1
22.11
22.11
22.13
22.13
22.14
22.15
22.16
22.16
22.17
22.18
22.19
22.19
22.21
22.21
22.22
22.23
22.24
22.24
22.25
22.26
22.27
22.27
22.29
22.29
22.3
22.31
22.32
22.32
22.33
22.34
22.35
22.35
22.37
22.37
22.38
22.39
22.4
22.4
22.41
22.42
22.43
22.43
22.44
22.45
22.46
22.47
22.48
22.48
22.49
22.5
22.51
22.51
22.53
22.53
22.54
22.55
22.56
22.56
22.57
22.58
22.59
22.59
22.6
22.61
22.62
22.63
22.64
22.64
22.65
22.66
22.67
22.67
22.68
22.69
22.7
22.71
22.72
22.72
22.73
22.74
22.75
22.75
22.76
22.77
22.78
22.78
22.8
22.8
22.81
22.82
22.83
22.83
22.84
22.85
22.86
22.86
22.88
22.88
22.89
22.9
22.91
22.91
22.92
22.93
22.94
22.94
22.96
22.96
22.97
22.98
22.99
22.99
23.
23.01
23.02
23.02
23.04
23.04
23.05
23.06
23.07
23.07
23.08
23.09
23.1
23.1
23.11
23.12
23.13
23.14
23.15
23.15
23.16
23.17
23.18
23.18
23.19
23.2
23.21
23.22
23.23
23.23
23.24
23.25
23.26
23.26
23.27
23.28
23.29
23.29
23.31
23.31
23.32
23.33
23.34
23.34
23.35
23.36
23.37
23.37
23.39
23.39
23.4
23.41
23.42
23.42
23.43
23.44
23.45
23.45
23.46
23.47
23.48
23.49
23.5
23.5
23.51
23.52
23.53
23.53
23.55
23.55
23.56
23.57
23.58
23.58
23.59
23.6
23.61
23.61
23.62
23.63
23.64
23.64
23.66
23.66
23.67
23.68
23.69
23.69
23.7
23.71
23.72
23.72
23.74
23.74
23.75
23.76
23.77
23.77
23.78
23.79
23.8
23.8
23.81
23.82
23.83
23.84
23.85
23.85
23.86
23.87
23.88
23.88
23.89
23.9
23.91
23.91
23.93
23.93
23.94
23.95
23.96
23.96
23.97
23.98
23.99
23.99
24.
24.01
24.02
24.03
24.04
24.04
24.05
24.06
24.07
24.07
24.09
24.09
24.1
24.11
24.12
24.12
24.13
24.14
24.15
24.15
24.16
24.17
24.18
24.18
24.19
24.2
24.21
24.22
24.23
24.23
24.24
24.25
24.26
24.26
24.27
24.28
24.29
24.3
24.31
24.31
24.32
24.33
24.34
24.34
24.35
24.36
24.37
24.38
24.39
24.39
24.4
24.41
24.42
24.42
24.43
24.44
24.45
24.45
24.47
24.47
24.48
24.49
24.5
24.5
24.51
24.52
24.53
24.53
24.54
24.55
24.56
24.57
24.58
24.58
24.59
24.6
24.61
24.61
24.62
24.63
24.64
24.64
24.66
24.66
24.67
24.68
24.69
24.69
24.7
24.71
24.72
24.72
24.73
24.74
24.75
24.76
24.77
24.77
24.78
24.79
24.8
24.8
24.81
24.82
24.83
24.84
24.85
24.85
24.86
24.87
24.88
24.88
24.89
24.9
24.91
24.91
24.92
24.93
24.94
24.95
24.96
24.96
24.97
24.98
24.99
24.99
25.
25.59
26.18
26.79
27.42
28.06
28.71
29.38
30.06
30.76
31.48
32.21
32.96
33.73
34.52
35.32
36.14
36.98
37.85
38.73
39.63
40.55
41.5
42.46
43.45
44.47
45.5
46.56
47.65
48.76
49.89
51.05
52.24
53.46
54.7
55.98
57.28
58.62
59.98
61.38
62.81
64.27
65.77
67.3
68.87
70.47
72.11
73.79
75.51
77.27
79.07
80.91
82.8
84.73
86.7
88.72
90.79
92.9
95.07
97.28
99.55
101.9
104.2
106.7
109.1
111.7
114.3
117.
119.7
122.5
125.3
128.2
131.2
134.3
137.4
140.6
143.9
147.2
150.7
154.2
157.8
161.4
165.2
169.
173.
177.
181.1
185.4
189.7
194.1
198.6
203.2
208.
212.8
217.8
222.9
228.
233.4
238.8
244.4
250.
255.9
261.8
267.9
274.2
280.6
287.1
293.8
300.6
307.6
314.8
322.1
329.6
337.3
345.2
353.2
361.4
369.8
378.5
387.3
396.3
405.5
415.
424.6
434.5
444.7
455.
465.6
476.5
487.6
498.9
504.5
519.3
535.1
551.8
569.6
588.6
608.9
630.6
654.
679.1
706.3
735.7
767.7
802.6
840.8
882.9
929.3
981.
1039.
1049.
1059.
1069.
1079.
1089.
1099.
1109.
1119.
1129.
1139.
1149.
1159.
1169.
1179.
1189.
1199.
1209.
1219.
1229.
1239.
1249.
1259.
1269.
1279.
1289.
1299.
1309.
1319.
1329.
1339.
1349.
1359.
1369.
1379.
1389.
1399.
1409.
1419.
1429.
1439.
1449.
1459.
1469.
1479.
1489.
1499.
1509.
1519.
1529.
1539.
1549.
1559.
1569.
1579.
1589.
1599.
1609.
1619.
1629.
1639.
1649.
1659.
1669.
1679.
1689.
1699.
1709.
1719.
1729.
1739.
1749.
1759.
1769.
1779.
1789.
1799.
1809.
1819.
1829.
1839.
1849.
1859.
1869.
1879.
1889.
1899.
1909.
1919.
1929.
1939.
1949.
1959.
